[    0.0, -4240.0, 70.0]
[-1792.0, -4184.0, 70.0]
[ 1792.0, -4184.0, 70.0]
[- 940.0, -3308.0, 70.0]
[  940.0, -3308.0, 70.0]
[    0.0, -2816.0, 70.0]
[-3584.0, -2484.0, 70.0]
[ 3584.0, -2484.0, 70.0]
[-1788.0, -2300.0, 70.0]
[ 1788.0, -2300.0, 70.0]
[-2048.0, -1036.0, 70.0]
[    0.0, -1024.0, 70.0]
[ 2048.0, -1036.0, 70.0]
[-1024.0,     0.0, 70.0]
[ 1024.0,     0.0, 70.0]
[-2048.0,  1036.0, 70.0]
[    0.0,  1024.0, 70.0]
[ 2048.0,  1036.0, 70.0]
[-1788.0,  2300.0, 70.0]
[ 1788.0,  2300.0, 70.0]
[-3584.0,  2484.0, 70.0]
[ 3584.0,  2484.0, 70.0]
[    0.0,  2816.0, 70.0]
[- 940.0,  3310.0, 70.0]
[  940.0,  3308.0, 70.0]
[-1792.0,  4184.0, 70.0]
[ 1792.0,  4184.0, 70.0]
[    0.0,  4240.0, 70.0]